120 0 80 20 100 25 30 50
120 40 120 60 150 75 60 100
120 40 80 40 120 60 60 100
120 30 120 40 150 50 60 100
120 40 120 60 150 75 60 100
120 0 120 0 150 0 30 100
120 0 120 0 150 0 30 50
120 40 120 60 150 75 60 100
30 30 40 40 50 50 30 50
90 15 80 25 100 35 30 50
30 30 40 40 50 50 30 50
30 30 80 40 120 50 30 50
30 30 40 40 50 50 30 50
120 40 120 60 150 75 60 100
60 30 80 10 50 50 30 50
120 20 100 30 130 35 30 100
30 30 40 40 50 50 30 50
30 30 40 40 50 50 30 50
120 40 120 60 150 75 60 100
120 30 60 40 150 55 30 60
120 40 120 60 150 75 60 100
120 40 120 55 150 70 50 90
120 0 120 0 150 0 60 100
120 30 120 40 150 50 60 100
90 20 90 20 90 30 30 50
90 10 90 25 110 50 15 65
30 30 40 40 50 50 30 50
30 30 40 40 50 50 30 50
120 20 120 40 150 75 60 100
66 30 60 50 80 50 40 60
45 30 60 40 60 50 30 60
120 40 120 60 150 75 60 100
105 20 90 25 100 50 30 70
120 40 120 60 150 75 60 100
120 40 120 60 150 75 60 100
90 30 40 20 110 25 30 50
120 10 120 20 150 25 60 100
30 30 20 40 50 50 30 50
30 30 40 40 50 50 30 50
30 0 40 40 30 0 60 0
90 10 120 20 100 25 30 50
120 40 120 60 150 75 60 100
120 40 120 60 150 75 60 100
120 30 40 40 100 50 30 50
120 30 114 50 140 65 55 90
60 30 70 40 100 50 50 70
105 30 120 50 150 75 30 100
60 30 60 40 100 50 50 60
114 40 110 58 140 74 55 100
30 30 40 40 50 50 30 50
120 40 120 60 150 75 60 100
120 0 120 40 150 50 60 100
105 35 100 50 140 63 50 75
120 0 120 0 150 0 0 0
120 12 120 25 150 30 60 100
120 10 120 10 150 15 30 50
120 40 120 60 150 75 60 100
120 40 120 60 150 75 60 100
120 0 86 23 150 35 47 40
120 40 120 60 150 75 60 100
90 40 60 48 70 55 40 90
120 0 120 0 150 0 30 50
120 40 120 60 150 75 60 100
120 30 110 40 150 50 60 70
120 40 120 60 150 75 60 100
120 20 120 40 150 50 60 100
30 30 40 40 50 50 30 50
120 40 120 60 150 75 60 100
120 40 120 60 150 75 60 100
120 40 120 60 150 75 60 100
120 0 120 0 150 25 30 50
33 30 40 41 52 50 31 50
60 20 80 40 120 50 20 75
60 30 80 45 100 55 40 75
60 30 80 45 70 60 40 60
114 39 116 59 148 73 59 98
120 30 40 40 50 50 30 50
120 35 120 50 90 75 50 100
90 30 100 45 110 50 40 60
30 30 40 40 50 50 30 50
120 10 120 50 150 50 60 100
30 30 40 40 50 50 30 50
120 30 120 50 150 60 50 80
30 30 40 40 50 50 30 50
30 30 40 40 50 50 30 50
120 0 120 0 150 0 60 100
60 30 80 40 120 55 40 50
30 30 40 40 50 50 30 50
120 40 120 60 150 75 60 100
33 31 38 41 52 49 31 51
120 40 120 60 150 75 60 100
120 40 108 58 146 70 55 87
30 30 40 40 50 50 30 50
120 40 120 40 150 60 60 75
30 30 40 40 50 50 30 50
120 0 120 0 150 0 60 100
105 30 100 40 100 55 50 90
120 40 120 60 150 75 60 100
120 30 100 35 90 50 50 50
120 40 120 50 150 50 55 100
120 40 120 60 150 75 60 100
30 30 40 40 50 50 30 50
120 40 120 60 150 75 60 100
60 30 80 30 50 50 30 70
30 30 40 40 50 50 30 50
30 30 40 40 50 50 30 50
120 10 120 20 150 25 30 50
75 15 80 20 100 25 30 50
120 40 120 60 150 75 60 100
117 30 100 55 130 70 45 75
120 40 120 60 150 75 60 100
30 30 40 40 50 50 30 50
120 40 120 60 150 75 60 100
90 30 80 40 100 50 30 75
120 35 100 55 150 70 55 90
105 39 110 45 100 58 45 95
75 30 80 40 100 55 40 70
120 40 120 60 150 75 60 100
90 30 80 40 150 50 30 50
120 0 120 0 150 75 60 100
105 5 100 10 120 10 40 60
120 10 120 20 150 25 60 100
30 30 40 40 50 50 30 50
120 30 120 40 150 50 60 100
30 30 40 40 50 50 30 50
105 30 80 50 100 60 40 50
120 40 120 60 150 75 60 100
60 30 90 45 80 55 31 51
105 0 80 15 150 25 60 50
117 30 118 45 140 45 50 90
90 35 80 50 80 70 40 75
120 0 120 0 150 0 30 50
120 10 120 30 150 45 60 100
120 35 100 50 150 50 50 100
120 40 120 60 150 75 60 100
120 20 120 20 150 50 60 100
84 15 30 6 94 22 50 80
120 39 110 40 140 70 50 80
120 40 80 40 120 55 30 75
90 10 80 20 100 25 30 50
120 10 120 20 150 25 20 30
120 20 120 30 150 35 60 100
