120 40 120 60 150 75 60 100 160 40 80
120 40 120 40 150 75 60 100 160 40 80
90 5 80 25 100 45 40 50 120 10 40
90 30 100 50 100 50 30 80 160 32 60
30 30 40 40 50 50 30 50 32 32 40
120 40 120 60 150 75 60 100 160 40 80
120 0 120 0 150 0 60 100 160 0 80
120 30 120 40 150 50 30 100 160 32 40
120 40 120 60 150 75 60 100 160 40 80
120 40 120 60 150 75 60 100 160 35 80
105 30 100 50 120 70 50 50 160 20 70
120 0 120 0 150 0 60 100 160 0 80
120 0 120 0 150 0 60 100 160 0 80
105 35 90 50 100 65 40 100 160 30 65
120 40 120 60 150 75 60 100 160 40 80
120 40 120 60 150 75 60 100 160 40 80
30 30 40 40 50 50 30 50 32 32 40
30 30 70 31 60 50 28 60 60 25 40
114 20 108 41 138 54 52 100 152 10 71
120 40 120 60 150 75 60 100 160 40 80
117 40 120 60 150 70 60 100 160 40 75
120 20 120 50 150 50 60 100 160 20 80
90 10 90 50 120 50 40 65 140 15 40
120 40 120 60 150 75 60 100 160 35 80
120 30 120 40 150 50 40 100 160 35 80
120 40 120 60 150 75 60 100 160 40 80
120 0 120 20 120 25 30 50 160 0 40
120 40 120 60 150 75 60 100 160 40 80
120 10 120 30 150 35 60 100 160 10 80
120 40 120 60 150 75 60 100 160 40 80
120 10 120 40 150 50 30 50 160 10 40
120 20 120 60 150 75 60 100 160 0 80
90 10 80 20 100 40 30 50 140 5 40
90 30 80 50 140 50 30 75 140 30 40
