0 120 20 80 25 100 30 50
0 0 0 0 0 0 0 0
0 0 20 40 15 30 0 0
0 30 0 40 0 50 0 0
0 0 0 0 0 0 0 0
0 120 0 120 0 150 30 0
0 120 0 120 0 150 30 50
0 0 0 0 0 0 0 0
30 30 40 40 50 50 30 50
10 75 20 70 25 80 30 50
30 30 40 40 50 50 30 50
30 30 20 40 15 50 30 50
30 30 40 40 50 50 30 50
0 0 0 0 0 0 0 0
20 30 20 100 50 50 30 50
0 60 10 60 10 80 30 0
30 30 40 40 50 50 30 50
30 30 40 40 50 50 30 50
0 0 0 0 0 0 0 0
0 30 30 40 0 40 30 40
0 0 0 0 0 0 0 0
0 0 0 10 0 10 10 10
0 120 0 120 0 150 0 0
0 30 0 40 0 50 0 0
10 60 15 80 30 90 30 50
10 90 15 70 20 50 45 35
30 30 40 40 50 50 30 50
30 30 40 40 50 50 30 50
0 60 0 40 0 0 0 0
18 30 30 20 35 50 20 40
25 30 30 40 45 50 30 40
0 0 0 0 0 0 0 0
5 60 15 70 25 50 30 30
0 0 0 0 0 0 0 0
0 0 0 0 0 0 0 0
10 30 40 80 20 100 30 50
0 90 0 80 0 100 0 0
30 30 50 40 50 50 30 50
30 30 40 40 50 50 30 50
30 120 40 40 60 150 0 100
10 90 0 80 25 100 30 50
0 0 0 0 0 0 0 0
0 0 0 0 0 0 0 0
0 30 40 40 25 50 30 50
0 30 3 20 5 20 5 10
20 30 25 40 25 50 10 30
5 30 0 20 0 0 30 0
20 30 30 40 25 50 10 40
2 0 5 4 5 2 5 0
30 30 40 40 50 50 30 50
0 0 0 0 0 0 0 0
0 120 0 40 0 50 0 0
5 15 10 20 5 24 10 25
0 120 0 120 0 150 60 100
0 84 0 70 0 90 0 0
0 90 0 100 0 120 30 50
0 0 0 0 0 0 0 0
0 0 0 0 0 0 0 0
0 120 17 74 0 80 13 60
0 0 0 0 0 0 0 0
10 0 30 24 40 40 20 10
0 120 0 120 0 150 30 50
0 0 0 0 0 0 0 0
0 30 5 40 0 50 0 30
0 0 0 0 0 0 0 0
0 60 0 40 0 50 0 0
30 30 40 40 50 50 30 50
0 0 0 0 0 0 0 0
0 0 0 0 0 0 0 0
0 0 0 0 0 0 0 0
0 120 0 120 0 100 30 50
29 30 40 38 49 50 29 50
20 60 20 40 15 50 40 25
20 30 20 30 25 40 20 25
20 30 20 30 40 30 20 40
2 3 2 2 1 4 1 2
0 30 40 40 50 50 30 50
0 15 0 20 30 0 10 0
10 30 10 30 20 50 20 40
30 30 40 40 50 50 30 50
0 90 0 20 0 50 0 0
30 30 40 40 50 50 30 50
0 30 0 20 0 30 10 20
30 30 40 40 50 50 30 50
30 30 40 40 50 50 30 50
0 120 0 120 0 150 0 0
20 30 20 40 15 40 20 50
30 30 40 40 50 50 30 50
0 0 0 0 0 0 0 0
29 27 41 38 49 52 29 49
0 0 0 0 0 0 0 0
0 0 6 4 2 10 5 13
30 30 40 40 50 50 30 50
0 0 0 40 0 30 0 25
30 30 40 40 50 50 30 50
0 120 0 120 0 150 0 0
5 30 10 40 25 40 10 10
0 0 0 0 0 0 0 0
0 30 10 50 30 50 10 50
0 0 0 20 0 50 5 0
0 0 0 0 0 0 0 0
30 30 40 40 50 50 30 50
0 0 0 0 0 0 0 0
20 30 20 60 50 50 30 30
30 30 40 40 50 50 30 50
30 30 40 40 50 50 30 50
0 90 0 80 0 100 30 50
15 75 20 80 25 100 30 50
0 0 0 0 0 0 0 0
1 30 10 10 10 10 15 25
0 0 0 0 0 0 0 0
30 30 40 40 50 50 30 50
0 0 0 0 0 0 0 0
10 30 20 40 25 50 30 25
0 15 10 10 0 10 5 10
5 3 5 30 25 34 15 5
15 30 20 40 25 40 20 30
0 0 0 0 0 0 0 0
10 30 20 40 0 50 30 50
0 120 0 120 0 0 0 0
5 105 10 100 15 130 20 40
0 90 0 80 0 100 0 0
30 30 40 40 50 50 30 50
0 30 0 40 0 50 0 0
30 30 40 40 50 50 30 50
5 30 20 20 25 30 20 50
0 0 0 0 0 0 0 0
20 30 15 30 35 40 29 49
5 120 20 90 0 100 0 50
1 30 1 30 5 60 10 10
10 15 20 20 35 10 20 25
0 120 0 120 0 150 30 50
0 90 0 60 0 60 0 0
0 15 10 20 0 50 10 0
0 0 0 0 0 0 0 0
0 60 0 80 0 50 0 0
12 75 45 108 28 106 10 20
0 3 5 40 5 10 10 20
0 0 20 40 15 40 30 25
10 90 20 80 25 100 30 50
0 90 0 80 0 100 40 70
0 60 0 60 0 80 0 0
