0 0 0 0 0 0 0 0 0 0 0
0 0 0 40 0 0 0 0 0 0 0
10 105 20 70 25 60 20 50 10 120 40
10 30 10 20 25 50 30 20 0 32 20
30 30 40 40 50 50 30 50 32 32 40
0 0 0 0 0 0 0 0 0 0 0
0 120 0 120 0 150 0 0 0 160 0
0 30 0 40 0 50 30 0 0 32 40
0 0 0 0 0 0 0 0 0 0 0
0 0 0 0 0 0 0 0 0 20 0
5 30 10 20 15 10 10 50 0 80 10
0 120 0 120 0 150 0 0 0 160 0
0 120 0 120 0 150 0 0 0 160 0
5 15 15 20 25 20 20 0 0 40 15
0 0 0 0 0 0 0 0 0 0 0
0 0 0 0 0 0 0 0 0 0 0
30 30 40 40 50 50 30 50 32 32 40
30 30 25 58 45 50 32 40 25 60 40
2 60 6 38 6 42 8 0 2 120 9
0 0 0 0 0 0 0 0 0 0 0
1 0 0 0 0 10 0 0 0 0 5
0 60 0 20 0 50 0 0 0 80 0
10 90 15 20 15 50 20 35 5 100 40
0 0 0 0 0 0 0 0 0 20 0
0 30 0 40 0 50 20 0 0 20 0
0 0 0 0 0 0 0 0 0 0 0
0 120 0 80 15 100 30 50 0 160 40
0 0 0 0 0 0 0 0 0 0 0
0 90 0 60 0 80 0 0 0 120 0
0 0 0 0 0 0 0 0 0 0 0
0 90 0 40 0 50 30 50 0 120 40
0 60 0 0 0 0 0 0 0 160 0
10 90 20 80 25 70 30 50 5 140 40
10 30 20 20 5 50 30 25 5 40 40
